1
2
3
5
6
7
8
10
11
12
13
14
15
16
18
21
22
23
24
25
26
28
32
37
38
41
42
43
44
48
49
52
54
56
57
58
59
60
62
63
64
65
69
70
71
72
73
74
75
76
77
79
81
82
83
84
85
87
89
90
91
92
94
95
96
97
99
100
101
102
104
106
109
110
112
114
115
116
117
118
119
121
122
123
125
126
128
130
135
137
138
141
144
145
148
151
152
157
158
159
160
161
164
167
168
174
176
177
178
179
180
181
183
184
185
186
187
188
189
190
193
194
195
197
198
200
201
203
206
207
210
213
214
215
216
217
218
221
222
223
224
226
227
230
232
233
234
235
236
237
239
243
244
246
249
250
251
253
254
255
256
257
259
262
263
264
267
268
269
270
271
272
274
275
276
277
279
280
283
284
286
287
288
290
291
292
293
294
295
296
297
298
299
301
303
305
307
308
311
312
313
314
315
316
318
320
321
322
323
324
325
326
327
328
329
330
331
332
334
336
338
339
340
342
343
344
345
346
347
348
349
350
354
357
360
361
363
365
367
370
371
372
373
374
378
379
380
381
382
383
385
387
388
389
391
392
393
394
395
396
397
398
399
401
402
403
405
406
407
409
411
412
413
416
417
421
422
423
425
426
428
429
430
432
433
434
435
436
437
440
442
445
447
449
450
451
452
453
454
455
456
457
458
459
460
463
464
465
466
467
468
469
470
472
474
476
478
479
481
483
484
486
487
488
489
490
492
493
494
495
496
497
498
499
500
501
503
504
505
506
507
508
514
518
521
523
524
525
526
527
528
530
532
533
534
535
536
537
538
539
540
541
542
543
545
546
548
551
552
553
554
555
557
559
560
561
562
566
567
568
569
573
574
576
577
579
582
585
586
587
588
589
590
591
592
593
595
597
599
600
601
603
605
606
608
610
611
615
616
617
618
619
620
621
622
623
624
625
627
629
630
632
633
634
637
638
639
640
642
643
645
647
648
650
653
654
655
658
659
660
661
663
664
665
666
667
668
669
670
671
676
677
679
682
683
684
686
690
693
694
697
698
699
703
704
705
707
708
709
710
711
712
715
716
717
719
721
724
727
731
733
734
735
738
741
745
746
747
748
749
751
752
753
756
757
758
761
763
764
766
768
770
771
773
774
776
778
780
782
784
786
787
788
790
792
793
795
796
798
802
804
805
806
807
815
821
823
825
826
828
829
830
831
833
834
835
836
837
838
839
840
843
844
846
847
848
850
851
854
860
861
862
863
864
865
867
868
870
871
872
874
875
877
878
880
881
882
883
884
885
886
887
889
890
892
893
894
896
897
899
900
901
902
903
904
906
907
908
910
911
912
913
916
917
918
919
921
922
923
924
927
929
930
931
932
933
934
936
938
939
940
942
943
