786,285,3
786,132,5
786,866,3
786,222,4
786,451,2
786,199,4
786,28,5
786,265,4
786,174,4
786,275,4
786,588,5
786,9,5
786,133,5
786,286,4
786,520,4
786,200,5
786,196,4
786,281,4
786,66,4
786,692,4
786,237,5
786,484,4
786,240,1
786,289,4
786,202,4
786,357,5
786,186,4
786,100,4
786,88,4
786,173,4
786,228,4
786,418,4
786,179,4
786,276,1
786,497,4
786,419,4
786,471,4
786,86,4
786,655,4
786,188,5
786,191,4
786,381,3
786,230,4
786,699,4
786,70,4
786,125,4
786,528,5
786,210,4
786,732,4
786,98,5
786,143,4
786,696,3
786,318,5
786,4,4
