463,285,4
463,107,3
463,866,3
463,302,5
463,988,2
463,1117,1
463,268,4
463,930,1
463,275,5
463,313,4
463,473,4
463,286,4
463,544,4
463,1017,2
463,993,2
463,347,1
463,475,3
463,1199,1
463,250,4
463,274,3
463,147,3
463,150,2
463,410,1
463,1028,2
463,237,4
463,926,1
463,744,3
463,1033,2
463,246,4
463,362,1
463,596,3
463,887,5
463,271,1
463,13,3
463,690,4
463,100,4
463,24,3
463,249,2
463,476,3
463,311,4
463,276,3
463,248,3
463,93,4
463,235,2
463,225,3
463,740,4
463,270,3
463,284,3
463,741,1
463,137,2
463,125,4
463,221,5
463,1009,3
463,508,4
463,304,3
463,1012,2
463,306,4
463,253,5
