554,132,4
554,866,3
554,222,4
554,28,4
554,8,4
554,215,5
554,265,4
554,174,5
554,275,4
554,576,4
554,9,4
554,133,4
554,286,4
554,274,3
554,66,3
554,692,4
554,1028,3
554,237,3
554,596,3
554,289,4
554,202,4
554,227,3
554,79,5
554,328,4
554,229,3
554,13,2
554,31,4
554,411,3
554,100,3
554,173,3
554,939,4
554,228,5
554,56,4
554,595,3
554,77,4
554,179,3
554,276,3
554,118,4
554,86,4
554,220,3
554,58,4
554,68,2
554,191,5
554,230,5
554,70,4
554,284,3
554,87,4
554,125,3
554,22,4
554,732,4
554,98,5
554,1012,3
554,526,4
554,318,5
554,742,3
554,696,3
554,4,2
