343,660,3
343,132,5
343,222,4
343,403,4
343,12,5
343,8,5
343,943,4
343,265,2
343,174,5
343,521,5
343,930,1
343,9,5
343,473,3
343,200,2
343,475,5
343,274,3
343,250,5
343,196,4
343,387,4
343,410,3
343,237,4
343,744,4
343,931,3
343,79,4
343,100,5
343,135,5
343,55,3
343,657,5
343,88,4
343,56,5
343,371,2
343,476,2
343,179,5
343,276,5
343,118,2
343,23,5
343,86,5
343,44,3
343,655,5
343,58,4
343,26,3
343,358,1
343,188,4
343,87,4
343,137,4
343,528,3
343,22,4
343,642,4
343,65,5
343,508,5
343,143,4
343,1073,4
343,318,5
343,4,5
343,241,3
343,302,4
343,214,4
343,425,5
343,199,5
343,153,5
343,28,5
343,478,5
343,1117,3
343,215,5
343,435,4
343,275,5
343,286,4
343,189,4
343,530,5
343,483,5
343,147,4
343,747,4
343,150,4
343,66,3
343,606,5
343,463,4
343,317,5
343,47,4
343,202,4
343,357,5
343,186,4
343,13,5
343,81,5
343,229,4
343,1267,4
343,1194,4
343,367,4
343,499,5
343,792,5
343,228,5
343,77,3
343,427,5
343,921,4
343,1008,4
343,471,4
343,235,4
343,83,4
343,68,1
343,191,5
343,581,4
343,260,1
343,62,2
343,334,5
343,163,5
343,98,5
343,306,4
