548,928,3
548,302,4
548,603,5
548,12,5
548,659,4
548,345,1
548,370,3
548,275,3
548,313,5
548,9,1
548,286,1
548,882,4
548,39,5
548,475,4
548,250,5
548,281,4
548,1089,2
548,237,4
548,271,3
548,905,4
548,79,5
548,328,4
548,229,5
548,31,5
548,690,3
548,100,5
548,55,5
548,291,5
548,346,4
548,56,5
548,272,2
548,327,3
548,1011,2
548,276,3
548,248,4
548,471,5
548,1016,4
548,118,5
548,460,4
548,358,2
548,293,4
548,270,5
548,315,3
548,628,2
548,316,4
548,581,4
548,305,1
548,264,4
548,642,4
548,98,5
548,532,4
