455,241,4
455,511,5
455,222,3
455,255,2
455,214,3
455,1136,3
455,28,4
455,435,4
455,755,3
455,529,3
455,275,4
455,286,5
455,553,3
455,200,5
455,239,3
455,647,4
455,39,2
455,307,4
455,549,4
455,250,3
455,147,4
455,518,4
455,196,4
455,281,3
455,213,4
455,692,3
455,1028,2
455,744,3
455,300,4
455,463,4
455,1137,3
455,47,2
455,289,3
455,79,4
455,148,3
455,31,4
455,100,4
455,135,5
455,173,4
455,939,4
455,662,4
455,56,5
455,372,4
455,77,4
455,738,3
455,118,4
455,447,4
455,58,3
455,44,3
455,293,4
455,270,4
455,70,3
455,581,3
455,87,3
455,125,3
455,22,4
455,334,3
455,508,4
455,304,3
455,98,4
455,4,3
