363,660,4
363,511,4
363,222,5
363,505,3
363,12,5
363,101,1
363,403,3
363,802,2
363,8,5
363,265,3
363,1478,1
363,174,4
363,370,3
363,737,1
363,588,2
363,537,1
363,9,3
363,473,4
363,653,3
363,200,3
363,239,3
363,1035,2
363,307,5
363,549,4
363,250,1
363,518,4
363,196,4
363,387,1
363,237,2
363,271,4
363,73,2
363,80,4
363,79,2
363,148,3
363,328,3
363,761,3
363,100,5
363,55,5
363,24,3
363,145,1
363,657,5
363,650,2
363,88,2
363,173,5
363,346,4
363,56,5
363,506,2
363,179,4
363,679,4
363,248,5
363,325,1
363,1016,4
363,640,2
363,572,2
363,184,3
363,44,3
363,58,3
363,188,4
363,578,4
363,270,2
363,293,4
363,933,2
363,70,2
363,315,3
363,284,2
363,741,3
363,87,3
363,137,5
363,210,4
363,264,3
363,22,3
363,65,4
363,940,2
363,1056,4
363,143,2
363,1012,4
363,590,3
363,616,3
363,1073,4
363,4,5
363,1214,1
363,575,1
363,1013,3
363,302,5
363,603,4
363,428,5
363,451,2
363,153,3
363,28,4
363,215,3
363,435,3
363,831,1
363,313,5
363,652,4
363,189,5
363,39,4
363,347,3
363,1052,3
363,433,4
363,54,3
363,747,5
363,150,5
363,66,4
363,201,2
363,317,5
363,1101,3
363,47,5
363,227,4
363,186,3
363,81,4
363,229,3
363,1267,2
363,120,1
363,171,5
363,1228,2
363,550,4
363,792,4
363,228,3
363,1168,2
363,372,4
363,77,2
363,444,4
363,93,4
363,235,5
363,805,4
363,1157,2
363,68,2
363,825,4
363,699,2
363,230,2
363,316,3
363,212,1
363,260,2
363,62,2
363,163,3
363,1009,2
363,226,1
363,98,3
363,719,3
363,742,2
